 0 360 662 876 
 1196 1555 1839 2185
 2522 2819 3174 3505 
 3813 4175 4551 4810
 5101 5469 5673 6010 
 6373 6709 7041 7385
 7723 8058 8352 8675 
 9078 9358 9627 9897
 10229 10520 10932 11210 
 11539 11862 12166 12542
 12808 13077 13374 13730 
 14090 14359 14675 15008
 15311 15634 15893 16358 
 16737 17121 17422 17817
 18085 18382 18643 18905 
 19228 19618 19959 20266
 20651 21017 21345 21667 
 22017 22316 22548 22847
 23138 23502 23782 24103 
 24397 24677 24899 25219
 25527 25880 26146 26455 
 26802 27228 27512 27796
 28184 28505 28782 29113 
 29459 29810 30112 30445
 30877 31243 31636 31899 
 32208 32506 32834 33161
 33491 33841 34145 34485 
 34796 35150 35412 35733
 35989 36292 36651 36965 
 37360 37733 38073 38356
 38673 38986 39326 39719 
 40085 40491 40806 41113
 41420 41705 41969 42271 
 42589 42930 43230 43540
 43863 44208 44527 44913 
 45195 45532 45877 46229
 46504 46839 47122 47486 
 47784 48175 48440 48758
 49114 49424 49727 50039 
 50417 50757 51020 51372
 51668 51996 52376 52711 
 53126 53479 53731 54019
 54250 54623 54853 55183 
 55439 55785 56190 56557
 56887 57185 57508 57807 
 58097 58428 58750 59149
 59515 59841 60166 60431 
 60775 61107 61454 61691
 62035 62336 62641 62975 
 63256 63580 63963 64328
 64703 65069 65458 65800 
 66180 66445 66702 67001
 67315 67648 67957 68250 
 68539 68890 69175 69534
 69843 70161 70539 70918 
 71329 71544 71925 72212
 72461 72794 73094 73425 
 73795 74201 74534 74830
 75122 75474 75711 75960 
 76237 76538 76785 77102