0 1 0 0 77429
1 1 1 0 13373
2 2 1 13374 26279
3 3 1 26280 35988
4 4 1 35989 47121
5 5 1 47122 57399
6 6 1 57400 66791
7 7 1 66792 77429
8 1 2 0 2521 360 662 876 1196 1555 1839 2185
9 2 2 2522 5100 2819 3174 3505 3813 4175 4551 4810
10 3 2 5101 7722 5469 5673 6010 6373 6709 7041 7385
11 4 2 7723 10228 8058 8352 8675 9078 9358 9627 9897
12 5 2 10229 12807 10520 10932 11210 11539 11862 12166 12542
13 6 2 12808 15310 13077 13374 13730 14090 14359 14675 15008
14 7 2 15311 18084 15634 15893 16358 16737 17121 17422 17817
15 8 2 18085 20650 18382 18643 18905 19228 19618 19959 20266
16 9 2 20651 23137 21017 21345 21667 22017 22316 22548 22847
17 10 2 23138 25526 23502 23782 24103 24397 24677 24899 25219
18 11 2 25527 28183 25880 26146 26455 26802 27228 27512 27796
19 12 2 28184 30876 28505 28782 29113 29459 29810 30112 30445
20 13 2 30877 33490 31243 31636 31899 32208 32506 32834 33161
21 14 2 33491 35988 33841 34145 34485 34796 35150 35412 35733
22 15 2 35989 38672 36292 36651 36965 37360 37733 38073 38356
23 16 2 38673 41419 38986 39326 39719 40085 40491 40806 41113
24 17 2 41420 43862 41705 41969 42271 42589 42930 43230 43540
25 18 2 43863 46503 44208 44527 44913 45195 45532 45877 46229
26 19 2 46504 49113 46839 47122 47486 47784 48175 48440 48758
27 20 2 49114 51667 49424 49727 50039 50417 50757 51020 51372
28 21 2 51668 54249 51996 52376 52711 53126 53479 53731 54019
29 22 2 54250 56886 54623 54853 55183 55439 55785 56190 56557
30 23 2 56887 59514 57185 57508 57807 58097 58428 58750 59149
31 24 2 59515 62034 59841 60166 60431 60775 61107 61454 61691
32 25 2 62035 64702 62336 62641 62975 63256 63580 63963 64328
33 26 2 64703 67314 65069 65458 65800 66180 66445 66702 67001
34 27 2 67315 69842 67648 67957 68250 68539 68890 69175 69534
35 28 2 69843 72460 70161 70539 70918 71329 71544 71925 72212
36 29 2 72461 75121 72794 73094 73425 73795 74201 74534 74830
37 30 2 75122 77429 75474 75711 75960 76237 76538 76785 77102
38 1 3 0 28 الفَاتِحَةِ
39 2 3 29 6145 البَقَرَةِ
40 3 3 6146 9626 آلِ عِمۡرَانَ
41 4 3 9627 13373 النِّسَاءِ
42 5 3 13374 16177 المَائـِدَةِ
43 6 3 16178 19227 الأَنۡعَامِ
44 7 3 19228 22547 الأَعۡرَافِ
45 8 3 22548 23781 الأَنفَالِ
46 9 3 23782 26279 التَّوۡبَةِ
47 10 3 26280 28112 يُونُسَ
48 11 3 28113 30029 هُودٍ
49 12 3 30030 31806 يُوسُفَ
50 13 3 31807 32660 الرَّعۡدِ
51 14 3 32661 33490 إِبۡرَاهِيمَ
52 15 3 33491 34144 الحِجۡرِ
53 16 3 34145 35988 النَّحۡلِ
54 17 3 35989 37544 الإِسۡرَاءِ
55 18 3 37545 39123 الكَهۡفِ
56 19 3 39124 40084 مَرۡيَمَ
57 20 3 40085 41419 طه
58 21 3 41420 42588 الأَنبِيَاءِ
59 22 3 42589 43862 الحَجِّ
60 23 3 43863 44912 المُؤۡمِنُونَ
61 24 3 44913 46228 النُّورِ
62 25 3 46229 47121 الفُرۡقَانِ
63 26 3 47122 48439 الشُّعَرَاءِ
64 27 3 48440 49589 النَّمۡلِ
65 28 3 49590 51019 القَصَصِ
66 29 3 51020 51995 العَنكَبُوتِ
67 30 3 51996 52812 الرُّومِ
68 31 3 52813 53358 لُقۡمَانَ
69 32 3 53359 53730 السَّجۡدَةِ
70 33 3 53731 55017 الأَحۡزَابِ
71 34 3 55018 55900 سَبَإٍ
72 35 3 55901 56675 فَاطِرٍ
73 36 3 56676 57399 يسٓ
74 37 3 57400 58260 الصَّافَّاتِ
75 38 3 58261 58993 صٓ
76 39 3 58994 60165 الزُّمَرِ
77 40 3 60166 61384 غَافِرٍ
78 41 3 61385 62178 فُصِّلَتۡ
79 42 3 62179 63038 الشُّورَىٰ
80 43 3 63039 63868 الزُّخۡرُفِ
81 44 3 63869 64214 الدُّخَانِ
82 45 3 64215 64702 الجَاثِيَةِ
83 46 3 64703 65345 الأَحۡقَافِ
84 47 3 65346 65884 مُحَمَّدٍ
85 48 3 65885 66444 الفَتۡحِ
86 49 3 66445 66791 الحُجُرَاتِ
87 50 3 66792 67164 قٓ
88 51 3 67165 67524 الذَّارِيَاتِ
89 52 3 67525 67836 الطُّورِ
90 53 3 67837 68196 النَّجۡمِ
91 54 3 68197 68538 القَمَرِ
92 55 3 68539 68889 الرَّحۡمَٰن
93 56 3 68890 69268 الوَاقِعَةِ
94 57 3 69269 69842 الحَدِيدِ
95 58 3 69843 70314 المُجَادلَةِ
96 59 3 70315 70759 الحَشۡرِ
97 60 3 70760 71107 المُمۡتَحنَةِ
98 61 3 71108 71328 الصَّفِّ
99 62 3 71329 71503 الجُمُعَةِ
100 63 3 71504 71683 المُنَافِقُونَ
101 64 3 71684 71924 التَّغَابُنِ
102 65 3 71925 72211 الطَّلَاقِ
103 66 3 72212 72460 التَّحۡرِيمِ
104 67 3 72461 72793 المُلۡكِ
105 68 3 72794 73093 القَلَمِ
106 69 3 73094 73351 الحَاقَّةِ
107 70 3 73352 73568 المَعَارِجِ
108 71 3 73569 73794 نُوحٍ
109 72 3 73795 74079 الجِنِّ
110 73 3 74080 74278 المُزَّمِّلِ
111 74 3 74279 74533 المُدَّثِّرِ
112 75 3 74534 74697 القِيَامَةِ
113 76 3 74698 74940 الإِنسَانِ
114 77 3 74941 75121 المُرۡسَلَاتِ
115 78 3 75122 75294 النَّبَإِ
116 79 3 75295 75473 النَّازِعَاتِ
117 80 3 75474 75606 عَبَسَ
118 81 3 75607 75710 التَّكۡوِيرِ
119 82 3 75711 75790 الانفِطَارِ
120 83 3 75791 75959 المُطَفِّفِينَ
121 84 3 75960 76066 الانشِقَاقِ
122 85 3 76067 76175 البُرُوجِ
123 86 3 76176 76236 الطَّارِقِ
124 87 3 76237 76308 الأَعۡلَىٰ
125 88 3 76309 76400 الغَاشِيَةِ
126 89 3 76401 76537 الفَجۡرِ
127 90 3 76538 76619 البَلَدِ
128 91 3 76620 76673 الشَّمۡسِ
129 92 3 76674 76744 اللَّيۡلِ
130 93 3 76745 76784 الضُّحَىٰ
131 94 3 76785 76811 الشَّرۡحِ
132 95 3 76812 76845 التِّينِ
133 96 3 76846 76917 العَلَقِ
134 97 3 76918 76947 القَدۡرِ
135 98 3 76948 77041 البَيِّنَةِ
136 99 3 77042 77077 الزَّلۡزَلَةِ
137 100 3 77078 77117 العَادِيَاتِ
138 101 3 77118 77153 القَارِعَةِ
139 102 3 77154 77181 التَّكَاثُرِ
140 103 3 77182 77195 العَصۡرِ
141 104 3 77196 77228 الهُمَزَةِ
142 105 3 77229 77251 الفِيلِ
143 106 3 77252 77268 قُرَيۡشٍ
144 107 3 77269 77293 المَاعُونِ
145 108 3 77294 77303 الكَوۡثَرِ
146 109 3 77304 77329 الكَافِرُونَ
147 110 3 77330 77348 النَّصۡرِ
148 111 3 77349 77371 المَسَدِ
149 112 3 77372 77386 الإِخۡلَاصِ
150 113 3 77387 77409 الفَلَقِ
151 114 3 77410 77429 النَّاسِ
